Distance of (2, 2) from origin is 37
Path: (2, 2) (2, 3) (2, 4) (3, 4) (4, 4) (5, 4) (6, 4) (7, 4) (8, 4) (9, 4) (10, 4) (11, 4) (12, 4) (13, 4) (14, 4) (15, 4) (16, 4) (17, 4) (18, 4) (19, 4) (20, 4) (20, 5) (20, 6) (20, 7) (20, 8) (20, 9) (19, 9) (18, 9) (17, 9) (17, 10) (17, 11) (17, 12) (18, 12) (19, 12) (20, 12) (21, 12) (21, 13) 
Distance of (3, 2) from origin is 38
Path: (3, 2) (2, 2) (2, 3) (2, 4) (3, 4) (4, 4) (5, 4) (6, 4) (7, 4) (8, 4) (9, 4) (10, 4) (11, 4) (12, 4) (13, 4) (14, 4) (15, 4) (16, 4) (17, 4) (18, 4) (19, 4) (20, 4) (20, 5) (20, 6) (20, 7) (20, 8) (20, 9) (19, 9) (18, 9) (17, 9) (17, 10) (17, 11) (17, 12) (18, 12) (19, 12) (20, 12) (21, 12) (21, 13) 
Distance of (4, 2) from origin is 39
Path: (4, 2) (3, 2) (2, 2) (2, 3) (2, 4) (3, 4) (4, 4) (5, 4) (6, 4) (7, 4) (8, 4) (9, 4) (10, 4) (11, 4) (12, 4) (13, 4) (14, 4) (15, 4) (16, 4) (17, 4) (18, 4) (19, 4) (20, 4) (20, 5) (20, 6) (20, 7) (20, 8) (20, 9) (19, 9) (18, 9) (17, 9) (17, 10) (17, 11) (17, 12) (18, 12) (19, 12) (20, 12) (21, 12) (21, 13) 
Distance of (5, 2) from origin is 40
Path: (5, 2) (4, 2) (3, 2) (2, 2) (2, 3) (2, 4) (3, 4) (4, 4) (5, 4) (6, 4) (7, 4) (8, 4) (9, 4) (10, 4) (11, 4) (12, 4) (13, 4) (14, 4) (15, 4) (16, 4) (17, 4) (18, 4) (19, 4) (20, 4) (20, 5) (20, 6) (20, 7) (20, 8) (20, 9) (19, 9) (18, 9) (17, 9) (17, 10) (17, 11) (17, 12) (18, 12) (19, 12) (20, 12) (21, 12) (21, 13) 
Distance of (6, 2) from origin is 41
Path: (6, 2) (5, 2) (4, 2) (3, 2) (2, 2) (2, 3) (2, 4) (3, 4) (4, 4) (5, 4) (6, 4) (7, 4) (8, 4) (9, 4) (10, 4) (11, 4) (12, 4) (13, 4) (14, 4) (15, 4) (16, 4) (17, 4) (18, 4) (19, 4) (20, 4) (20, 5) (20, 6) (20, 7) (20, 8) (20, 9) (19, 9) (18, 9) (17, 9) (17, 10) (17, 11) (17, 12) (18, 12) (19, 12) (20, 12) (21, 12) (21, 13) 
Distance of (7, 2) from origin is 42
Path: (7, 2) (6, 2) (5, 2) (4, 2) (3, 2) (2, 2) (2, 3) (2, 4) (3, 4) (4, 4) (5, 4) (6, 4) (7, 4) (8, 4) (9, 4) (10, 4) (11, 4) (12, 4) (13, 4) (14, 4) (15, 4) (16, 4) (17, 4) (18, 4) (19, 4) (20, 4) (20, 5) (20, 6) (20, 7) (20, 8) (20, 9) (19, 9) (18, 9) (17, 9) (17, 10) (17, 11) (17, 12) (18, 12) (19, 12) (20, 12) (21, 12) (21, 13) 
Distance of (8, 2) from origin is 43
Path: (8, 2) (7, 2) (6, 2) (5, 2) (4, 2) (3, 2) (2, 2) (2, 3) (2, 4) (3, 4) (4, 4) (5, 4) (6, 4) (7, 4) (8, 4) (9, 4) (10, 4) (11, 4) (12, 4) (13, 4) (14, 4) (15, 4) (16, 4) (17, 4) (18, 4) (19, 4) (20, 4) (20, 5) (20, 6) (20, 7) (20, 8) (20, 9) (19, 9) (18, 9) (17, 9) (17, 10) (17, 11) (17, 12) (18, 12) (19, 12) (20, 12) (21, 12) (21, 13) 
Distance of (11, 2) from origin is 28
Path: (11, 2) (11, 3) (12, 3) (13, 3) (14, 3) (15, 3) (16, 3) (17, 3) (18, 3) (18, 4) (19, 4) (20, 4) (20, 5) (20, 6) (20, 7) (20, 8) (20, 9) (19, 9) (18, 9) (17, 9) (17, 10) (17, 11) (17, 12) (18, 12) (19, 12) (20, 12) (21, 12) (21, 13) 
Distance of (15, 2) from origin is 24
Path: (15, 2) (16, 2) (17, 2) (18, 2) (18, 3) (18, 4) (19, 4) (20, 4) (20, 5) (20, 6) (20, 7) (20, 8) (20, 9) (19, 9) (18, 9) (17, 9) (17, 10) (17, 11) (17, 12) (18, 12) (19, 12) (20, 12) (21, 12) (21, 13) 
Distance of (16, 2) from origin is 23
Path: (16, 2) (17, 2) (18, 2) (18, 3) (18, 4) (19, 4) (20, 4) (20, 5) (20, 6) (20, 7) (20, 8) (20, 9) (19, 9) (18, 9) (17, 9) (17, 10) (17, 11) (17, 12) (18, 12) (19, 12) (20, 12) (21, 12) (21, 13) 
Distance of (17, 2) from origin is 22
Path: (17, 2) (18, 2) (18, 3) (18, 4) (19, 4) (20, 4) (20, 5) (20, 6) (20, 7) (20, 8) (20, 9) (19, 9) (18, 9) (17, 9) (17, 10) (17, 11) (17, 12) (18, 12) (19, 12) (20, 12) (21, 12) (21, 13) 
Distance of (18, 2) from origin is 21
Path: (18, 2) (18, 3) (18, 4) (19, 4) (20, 4) (20, 5) (20, 6) (20, 7) (20, 8) (20, 9) (19, 9) (18, 9) (17, 9) (17, 10) (17, 11) (17, 12) (18, 12) (19, 12) (20, 12) (21, 12) (21, 13) 
Distance of (2, 3) from origin is 36
Path: (2, 3) (2, 4) (3, 4) (4, 4) (5, 4) (6, 4) (7, 4) (8, 4) (9, 4) (10, 4) (11, 4) (12, 4) (13, 4) (14, 4) (15, 4) (16, 4) (17, 4) (18, 4) (19, 4) (20, 4) (20, 5) (20, 6) (20, 7) (20, 8) (20, 9) (19, 9) (18, 9) (17, 9) (17, 10) (17, 11) (17, 12) (18, 12) (19, 12) (20, 12) (21, 12) (21, 13) 
Distance of (10, 3) from origin is 28
Path: (10, 3) (11, 3) (12, 3) (13, 3) (14, 3) (15, 3) (16, 3) (17, 3) (18, 3) (18, 4) (19, 4) (20, 4) (20, 5) (20, 6) (20, 7) (20, 8) (20, 9) (19, 9) (18, 9) (17, 9) (17, 10) (17, 11) (17, 12) (18, 12) (19, 12) (20, 12) (21, 12) (21, 13) 
Distance of (11, 3) from origin is 27
Path: (11, 3) (12, 3) (13, 3) (14, 3) (15, 3) (16, 3) (17, 3) (18, 3) (18, 4) (19, 4) (20, 4) (20, 5) (20, 6) (20, 7) (20, 8) (20, 9) (19, 9) (18, 9) (17, 9) (17, 10) (17, 11) (17, 12) (18, 12) (19, 12) (20, 12) (21, 12) (21, 13) 
Distance of (12, 3) from origin is 26
Path: (12, 3) (13, 3) (14, 3) (15, 3) (16, 3) (17, 3) (18, 3) (18, 4) (19, 4) (20, 4) (20, 5) (20, 6) (20, 7) (20, 8) (20, 9) (19, 9) (18, 9) (17, 9) (17, 10) (17, 11) (17, 12) (18, 12) (19, 12) (20, 12) (21, 12) (21, 13) 
Distance of (13, 3) from origin is 25
Path: (13, 3) (14, 3) (15, 3) (16, 3) (17, 3) (18, 3) (18, 4) (19, 4) (20, 4) (20, 5) (20, 6) (20, 7) (20, 8) (20, 9) (19, 9) (18, 9) (17, 9) (17, 10) (17, 11) (17, 12) (18, 12) (19, 12) (20, 12) (21, 12) (21, 13) 
Distance of (14, 3) from origin is 24
Path: (14, 3) (15, 3) (16, 3) (17, 3) (18, 3) (18, 4) (19, 4) (20, 4) (20, 5) (20, 6) (20, 7) (20, 8) (20, 9) (19, 9) (18, 9) (17, 9) (17, 10) (17, 11) (17, 12) (18, 12) (19, 12) (20, 12) (21, 12) (21, 13) 
Distance of (15, 3) from origin is 23
Path: (15, 3) (16, 3) (17, 3) (18, 3) (18, 4) (19, 4) (20, 4) (20, 5) (20, 6) (20, 7) (20, 8) (20, 9) (19, 9) (18, 9) (17, 9) (17, 10) (17, 11) (17, 12) (18, 12) (19, 12) (20, 12) (21, 12) (21, 13) 
Distance of (16, 3) from origin is 22
Path: (16, 3) (17, 3) (18, 3) (18, 4) (19, 4) (20, 4) (20, 5) (20, 6) (20, 7) (20, 8) (20, 9) (19, 9) (18, 9) (17, 9) (17, 10) (17, 11) (17, 12) (18, 12) (19, 12) (20, 12) (21, 12) (21, 13) 
Distance of (17, 3) from origin is 21
Path: (17, 3) (18, 3) (18, 4) (19, 4) (20, 4) (20, 5) (20, 6) (20, 7) (20, 8) (20, 9) (19, 9) (18, 9) (17, 9) (17, 10) (17, 11) (17, 12) (18, 12) (19, 12) (20, 12) (21, 12) (21, 13) 
Distance of (18, 3) from origin is 20
Path: (18, 3) (18, 4) (19, 4) (20, 4) (20, 5) (20, 6) (20, 7) (20, 8) (20, 9) (19, 9) (18, 9) (17, 9) (17, 10) (17, 11) (17, 12) (18, 12) (19, 12) (20, 12) (21, 12) (21, 13) 
Distance of (2, 4) from origin is 35
Path: (2, 4) (3, 4) (4, 4) (5, 4) (6, 4) (7, 4) (8, 4) (9, 4) (10, 4) (11, 4) (12, 4) (13, 4) (14, 4) (15, 4) (16, 4) (17, 4) (18, 4) (19, 4) (20, 4) (20, 5) (20, 6) (20, 7) (20, 8) (20, 9) (19, 9) (18, 9) (17, 9) (17, 10) (17, 11) (17, 12) (18, 12) (19, 12) (20, 12) (21, 12) (21, 13) 
Distance of (3, 4) from origin is 34
Path: (3, 4) (4, 4) (5, 4) (6, 4) (7, 4) (8, 4) (9, 4) (10, 4) (11, 4) (12, 4) (13, 4) (14, 4) (15, 4) (16, 4) (17, 4) (18, 4) (19, 4) (20, 4) (20, 5) (20, 6) (20, 7) (20, 8) (20, 9) (19, 9) (18, 9) (17, 9) (17, 10) (17, 11) (17, 12) (18, 12) (19, 12) (20, 12) (21, 12) (21, 13) 
Distance of (4, 4) from origin is 33
Path: (4, 4) (5, 4) (6, 4) (7, 4) (8, 4) (9, 4) (10, 4) (11, 4) (12, 4) (13, 4) (14, 4) (15, 4) (16, 4) (17, 4) (18, 4) (19, 4) (20, 4) (20, 5) (20, 6) (20, 7) (20, 8) (20, 9) (19, 9) (18, 9) (17, 9) (17, 10) (17, 11) (17, 12) (18, 12) (19, 12) (20, 12) (21, 12) (21, 13) 
Distance of (5, 4) from origin is 32
Path: (5, 4) (6, 4) (7, 4) (8, 4) (9, 4) (10, 4) (11, 4) (12, 4) (13, 4) (14, 4) (15, 4) (16, 4) (17, 4) (18, 4) (19, 4) (20, 4) (20, 5) (20, 6) (20, 7) (20, 8) (20, 9) (19, 9) (18, 9) (17, 9) (17, 10) (17, 11) (17, 12) (18, 12) (19, 12) (20, 12) (21, 12) (21, 13) 
Distance of (6, 4) from origin is 31
Path: (6, 4) (7, 4) (8, 4) (9, 4) (10, 4) (11, 4) (12, 4) (13, 4) (14, 4) (15, 4) (16, 4) (17, 4) (18, 4) (19, 4) (20, 4) (20, 5) (20, 6) (20, 7) (20, 8) (20, 9) (19, 9) (18, 9) (17, 9) (17, 10) (17, 11) (17, 12) (18, 12) (19, 12) (20, 12) (21, 12) (21, 13) 
Distance of (7, 4) from origin is 30
Path: (7, 4) (8, 4) (9, 4) (10, 4) (11, 4) (12, 4) (13, 4) (14, 4) (15, 4) (16, 4) (17, 4) (18, 4) (19, 4) (20, 4) (20, 5) (20, 6) (20, 7) (20, 8) (20, 9) (19, 9) (18, 9) (17, 9) (17, 10) (17, 11) (17, 12) (18, 12) (19, 12) (20, 12) (21, 12) (21, 13) 
Distance of (8, 4) from origin is 29
Path: (8, 4) (9, 4) (10, 4) (11, 4) (12, 4) (13, 4) (14, 4) (15, 4) (16, 4) (17, 4) (18, 4) (19, 4) (20, 4) (20, 5) (20, 6) (20, 7) (20, 8) (20, 9) (19, 9) (18, 9) (17, 9) (17, 10) (17, 11) (17, 12) (18, 12) (19, 12) (20, 12) (21, 12) (21, 13) 
Distance of (9, 4) from origin is 28
Path: (9, 4) (10, 4) (11, 4) (12, 4) (13, 4) (14, 4) (15, 4) (16, 4) (17, 4) (18, 4) (19, 4) (20, 4) (20, 5) (20, 6) (20, 7) (20, 8) (20, 9) (19, 9) (18, 9) (17, 9) (17, 10) (17, 11) (17, 12) (18, 12) (19, 12) (20, 12) (21, 12) (21, 13) 
Distance of (10, 4) from origin is 27
Path: (10, 4) (11, 4) (12, 4) (13, 4) (14, 4) (15, 4) (16, 4) (17, 4) (18, 4) (19, 4) (20, 4) (20, 5) (20, 6) (20, 7) (20, 8) (20, 9) (19, 9) (18, 9) (17, 9) (17, 10) (17, 11) (17, 12) (18, 12) (19, 12) (20, 12) (21, 12) (21, 13) 
Distance of (11, 4) from origin is 26
Path: (11, 4) (12, 4) (13, 4) (14, 4) (15, 4) (16, 4) (17, 4) (18, 4) (19, 4) (20, 4) (20, 5) (20, 6) (20, 7) (20, 8) (20, 9) (19, 9) (18, 9) (17, 9) (17, 10) (17, 11) (17, 12) (18, 12) (19, 12) (20, 12) (21, 12) (21, 13) 
Distance of (12, 4) from origin is 25
Path: (12, 4) (13, 4) (14, 4) (15, 4) (16, 4) (17, 4) (18, 4) (19, 4) (20, 4) (20, 5) (20, 6) (20, 7) (20, 8) (20, 9) (19, 9) (18, 9) (17, 9) (17, 10) (17, 11) (17, 12) (18, 12) (19, 12) (20, 12) (21, 12) (21, 13) 
Distance of (13, 4) from origin is 24
Path: (13, 4) (14, 4) (15, 4) (16, 4) (17, 4) (18, 4) (19, 4) (20, 4) (20, 5) (20, 6) (20, 7) (20, 8) (20, 9) (19, 9) (18, 9) (17, 9) (17, 10) (17, 11) (17, 12) (18, 12) (19, 12) (20, 12) (21, 12) (21, 13) 
Distance of (14, 4) from origin is 23
Path: (14, 4) (15, 4) (16, 4) (17, 4) (18, 4) (19, 4) (20, 4) (20, 5) (20, 6) (20, 7) (20, 8) (20, 9) (19, 9) (18, 9) (17, 9) (17, 10) (17, 11) (17, 12) (18, 12) (19, 12) (20, 12) (21, 12) (21, 13) 
Distance of (15, 4) from origin is 22
Path: (15, 4) (16, 4) (17, 4) (18, 4) (19, 4) (20, 4) (20, 5) (20, 6) (20, 7) (20, 8) (20, 9) (19, 9) (18, 9) (17, 9) (17, 10) (17, 11) (17, 12) (18, 12) (19, 12) (20, 12) (21, 12) (21, 13) 
Distance of (16, 4) from origin is 21
Path: (16, 4) (17, 4) (18, 4) (19, 4) (20, 4) (20, 5) (20, 6) (20, 7) (20, 8) (20, 9) (19, 9) (18, 9) (17, 9) (17, 10) (17, 11) (17, 12) (18, 12) (19, 12) (20, 12) (21, 12) (21, 13) 
Distance of (17, 4) from origin is 20
Path: (17, 4) (18, 4) (19, 4) (20, 4) (20, 5) (20, 6) (20, 7) (20, 8) (20, 9) (19, 9) (18, 9) (17, 9) (17, 10) (17, 11) (17, 12) (18, 12) (19, 12) (20, 12) (21, 12) (21, 13) 
Distance of (18, 4) from origin is 19
Path: (18, 4) (19, 4) (20, 4) (20, 5) (20, 6) (20, 7) (20, 8) (20, 9) (19, 9) (18, 9) (17, 9) (17, 10) (17, 11) (17, 12) (18, 12) (19, 12) (20, 12) (21, 12) (21, 13) 
Distance of (19, 4) from origin is 18
Path: (19, 4) (20, 4) (20, 5) (20, 6) (20, 7) (20, 8) (20, 9) (19, 9) (18, 9) (17, 9) (17, 10) (17, 11) (17, 12) (18, 12) (19, 12) (20, 12) (21, 12) (21, 13) 
Distance of (20, 4) from origin is 17
Path: (20, 4) (20, 5) (20, 6) (20, 7) (20, 8) (20, 9) (19, 9) (18, 9) (17, 9) (17, 10) (17, 11) (17, 12) (18, 12) (19, 12) (20, 12) (21, 12) (21, 13) 
Distance of (16, 5) from origin is 20
Path: (16, 5) (17, 5) (18, 5) (19, 5) (20, 5) (20, 6) (20, 7) (20, 8) (20, 9) (19, 9) (18, 9) (17, 9) (17, 10) (17, 11) (17, 12) (18, 12) (19, 12) (20, 12) (21, 12) (21, 13) 
Distance of (17, 5) from origin is 19
Path: (17, 5) (18, 5) (19, 5) (20, 5) (20, 6) (20, 7) (20, 8) (20, 9) (19, 9) (18, 9) (17, 9) (17, 10) (17, 11) (17, 12) (18, 12) (19, 12) (20, 12) (21, 12) (21, 13) 
Distance of (18, 5) from origin is 18
Path: (18, 5) (19, 5) (20, 5) (20, 6) (20, 7) (20, 8) (20, 9) (19, 9) (18, 9) (17, 9) (17, 10) (17, 11) (17, 12) (18, 12) (19, 12) (20, 12) (21, 12) (21, 13) 
Distance of (19, 5) from origin is 17
Path: (19, 5) (20, 5) (20, 6) (20, 7) (20, 8) (20, 9) (19, 9) (18, 9) (17, 9) (17, 10) (17, 11) (17, 12) (18, 12) (19, 12) (20, 12) (21, 12) (21, 13) 
Distance of (20, 5) from origin is 16
Path: (20, 5) (20, 6) (20, 7) (20, 8) (20, 9) (19, 9) (18, 9) (17, 9) (17, 10) (17, 11) (17, 12) (18, 12) (19, 12) (20, 12) (21, 12) (21, 13) 
Distance of (21, 5) from origin is 17
Path: (21, 5) (20, 5) (20, 6) (20, 7) (20, 8) (20, 9) (19, 9) (18, 9) (17, 9) (17, 10) (17, 11) (17, 12) (18, 12) (19, 12) (20, 12) (21, 12) (21, 13) 
Distance of (2, 6) from origin is 27
Path: (2, 6) (3, 6) (4, 6) (4, 7) (4, 8) (4, 9) (5, 9) (6, 9) (7, 9) (7, 10) (7, 11) (7, 12) (8, 12) (9, 12) (10, 12) (11, 12) (12, 12) (13, 12) (14, 12) (15, 12) (16, 12) (17, 12) (18, 12) (19, 12) (20, 12) (21, 12) (21, 13) 
Distance of (3, 6) from origin is 26
Path: (3, 6) (4, 6) (4, 7) (4, 8) (4, 9) (5, 9) (6, 9) (7, 9) (7, 10) (7, 11) (7, 12) (8, 12) (9, 12) (10, 12) (11, 12) (12, 12) (13, 12) (14, 12) (15, 12) (16, 12) (17, 12) (18, 12) (19, 12) (20, 12) (21, 12) (21, 13) 
Distance of (4, 6) from origin is 25
Path: (4, 6) (4, 7) (4, 8) (4, 9) (5, 9) (6, 9) (7, 9) (7, 10) (7, 11) (7, 12) (8, 12) (9, 12) (10, 12) (11, 12) (12, 12) (13, 12) (14, 12) (15, 12) (16, 12) (17, 12) (18, 12) (19, 12) (20, 12) (21, 12) (21, 13) 
Distance of (6, 6) from origin is 23
Path: (6, 6) (7, 6) (7, 7) (7, 8) (7, 9) (7, 10) (7, 11) (7, 12) (8, 12) (9, 12) (10, 12) (11, 12) (12, 12) (13, 12) (14, 12) (15, 12) (16, 12) (17, 12) (18, 12) (19, 12) (20, 12) (21, 12) (21, 13) 
Distance of (7, 6) from origin is 22
Path: (7, 6) (7, 7) (7, 8) (7, 9) (7, 10) (7, 11) (7, 12) (8, 12) (9, 12) (10, 12) (11, 12) (12, 12) (13, 12) (14, 12) (15, 12) (16, 12) (17, 12) (18, 12) (19, 12) (20, 12) (21, 12) (21, 13) 
Distance of (19, 6) from origin is 16
Path: (19, 6) (20, 6) (20, 7) (20, 8) (20, 9) (19, 9) (18, 9) (17, 9) (17, 10) (17, 11) (17, 12) (18, 12) (19, 12) (20, 12) (21, 12) (21, 13) 
Distance of (20, 6) from origin is 15
Path: (20, 6) (20, 7) (20, 8) (20, 9) (19, 9) (18, 9) (17, 9) (17, 10) (17, 11) (17, 12) (18, 12) (19, 12) (20, 12) (21, 12) (21, 13) 
Distance of (21, 6) from origin is 16
Path: (21, 6) (20, 6) (20, 7) (20, 8) (20, 9) (19, 9) (18, 9) (17, 9) (17, 10) (17, 11) (17, 12) (18, 12) (19, 12) (20, 12) (21, 12) (21, 13) 
Distance of (2, 7) from origin is 26
Path: (2, 7) (3, 7) (4, 7) (4, 8) (4, 9) (5, 9) (6, 9) (7, 9) (7, 10) (7, 11) (7, 12) (8, 12) (9, 12) (10, 12) (11, 12) (12, 12) (13, 12) (14, 12) (15, 12) (16, 12) (17, 12) (18, 12) (19, 12) (20, 12) (21, 12) (21, 13) 
Distance of (3, 7) from origin is 25
Path: (3, 7) (4, 7) (4, 8) (4, 9) (5, 9) (6, 9) (7, 9) (7, 10) (7, 11) (7, 12) (8, 12) (9, 12) (10, 12) (11, 12) (12, 12) (13, 12) (14, 12) (15, 12) (16, 12) (17, 12) (18, 12) (19, 12) (20, 12) (21, 12) (21, 13) 
Distance of (4, 7) from origin is 24
Path: (4, 7) (4, 8) (4, 9) (5, 9) (6, 9) (7, 9) (7, 10) (7, 11) (7, 12) (8, 12) (9, 12) (10, 12) (11, 12) (12, 12) (13, 12) (14, 12) (15, 12) (16, 12) (17, 12) (18, 12) (19, 12) (20, 12) (21, 12) (21, 13) 
Distance of (6, 7) from origin is 22
Path: (6, 7) (7, 7) (7, 8) (7, 9) (7, 10) (7, 11) (7, 12) (8, 12) (9, 12) (10, 12) (11, 12) (12, 12) (13, 12) (14, 12) (15, 12) (16, 12) (17, 12) (18, 12) (19, 12) (20, 12) (21, 12) (21, 13) 
Distance of (7, 7) from origin is 21
Path: (7, 7) (7, 8) (7, 9) (7, 10) (7, 11) (7, 12) (8, 12) (9, 12) (10, 12) (11, 12) (12, 12) (13, 12) (14, 12) (15, 12) (16, 12) (17, 12) (18, 12) (19, 12) (20, 12) (21, 12) (21, 13) 
Distance of (8, 7) from origin is 22
Path: (8, 7) (7, 7) (7, 8) (7, 9) (7, 10) (7, 11) (7, 12) (8, 12) (9, 12) (10, 12) (11, 12) (12, 12) (13, 12) (14, 12) (15, 12) (16, 12) (17, 12) (18, 12) (19, 12) (20, 12) (21, 12) (21, 13) 
Distance of (9, 7) from origin is 23
Path: (9, 7) (8, 7) (7, 7) (7, 8) (7, 9) (7, 10) (7, 11) (7, 12) (8, 12) (9, 12) (10, 12) (11, 12) (12, 12) (13, 12) (14, 12) (15, 12) (16, 12) (17, 12) (18, 12) (19, 12) (20, 12) (21, 12) (21, 13) 
Distance of (10, 7) from origin is 24
Path: (10, 7) (11, 7) (12, 7) (13, 7) (14, 7) (15, 7) (16, 7) (17, 7) (18, 7) (19, 7) (20, 7) (20, 8) (20, 9) (19, 9) (18, 9) (17, 9) (17, 10) (17, 11) (17, 12) (18, 12) (19, 12) (20, 12) (21, 12) (21, 13) 
Distance of (11, 7) from origin is 23
Path: (11, 7) (12, 7) (13, 7) (14, 7) (15, 7) (16, 7) (17, 7) (18, 7) (19, 7) (20, 7) (20, 8) (20, 9) (19, 9) (18, 9) (17, 9) (17, 10) (17, 11) (17, 12) (18, 12) (19, 12) (20, 12) (21, 12) (21, 13) 
Distance of (12, 7) from origin is 22
Path: (12, 7) (13, 7) (14, 7) (15, 7) (16, 7) (17, 7) (18, 7) (19, 7) (20, 7) (20, 8) (20, 9) (19, 9) (18, 9) (17, 9) (17, 10) (17, 11) (17, 12) (18, 12) (19, 12) (20, 12) (21, 12) (21, 13) 
Distance of (13, 7) from origin is 21
Path: (13, 7) (14, 7) (15, 7) (16, 7) (17, 7) (18, 7) (19, 7) (20, 7) (20, 8) (20, 9) (19, 9) (18, 9) (17, 9) (17, 10) (17, 11) (17, 12) (18, 12) (19, 12) (20, 12) (21, 12) (21, 13) 
Distance of (14, 7) from origin is 20
Path: (14, 7) (15, 7) (16, 7) (17, 7) (18, 7) (19, 7) (20, 7) (20, 8) (20, 9) (19, 9) (18, 9) (17, 9) (17, 10) (17, 11) (17, 12) (18, 12) (19, 12) (20, 12) (21, 12) (21, 13) 
Distance of (15, 7) from origin is 19
Path: (15, 7) (16, 7) (17, 7) (18, 7) (19, 7) (20, 7) (20, 8) (20, 9) (19, 9) (18, 9) (17, 9) (17, 10) (17, 11) (17, 12) (18, 12) (19, 12) (20, 12) (21, 12) (21, 13) 
Distance of (16, 7) from origin is 18
Path: (16, 7) (17, 7) (18, 7) (19, 7) (20, 7) (20, 8) (20, 9) (19, 9) (18, 9) (17, 9) (17, 10) (17, 11) (17, 12) (18, 12) (19, 12) (20, 12) (21, 12) (21, 13) 
Distance of (17, 7) from origin is 17
Path: (17, 7) (18, 7) (19, 7) (20, 7) (20, 8) (20, 9) (19, 9) (18, 9) (17, 9) (17, 10) (17, 11) (17, 12) (18, 12) (19, 12) (20, 12) (21, 12) (21, 13) 
Distance of (18, 7) from origin is 16
Path: (18, 7) (19, 7) (20, 7) (20, 8) (20, 9) (19, 9) (18, 9) (17, 9) (17, 10) (17, 11) (17, 12) (18, 12) (19, 12) (20, 12) (21, 12) (21, 13) 
Distance of (19, 7) from origin is 15
Path: (19, 7) (20, 7) (20, 8) (20, 9) (19, 9) (18, 9) (17, 9) (17, 10) (17, 11) (17, 12) (18, 12) (19, 12) (20, 12) (21, 12) (21, 13) 
Distance of (20, 7) from origin is 14
Path: (20, 7) (20, 8) (20, 9) (19, 9) (18, 9) (17, 9) (17, 10) (17, 11) (17, 12) (18, 12) (19, 12) (20, 12) (21, 12) (21, 13) 
Distance of (21, 7) from origin is 15
Path: (21, 7) (20, 7) (20, 8) (20, 9) (19, 9) (18, 9) (17, 9) (17, 10) (17, 11) (17, 12) (18, 12) (19, 12) (20, 12) (21, 12) (21, 13) 
Distance of (2, 8) from origin is 25
Path: (2, 8) (3, 8) (4, 8) (4, 9) (5, 9) (6, 9) (7, 9) (7, 10) (7, 11) (7, 12) (8, 12) (9, 12) (10, 12) (11, 12) (12, 12) (13, 12) (14, 12) (15, 12) (16, 12) (17, 12) (18, 12) (19, 12) (20, 12) (21, 12) (21, 13) 
Distance of (3, 8) from origin is 24
Path: (3, 8) (4, 8) (4, 9) (5, 9) (6, 9) (7, 9) (7, 10) (7, 11) (7, 12) (8, 12) (9, 12) (10, 12) (11, 12) (12, 12) (13, 12) (14, 12) (15, 12) (16, 12) (17, 12) (18, 12) (19, 12) (20, 12) (21, 12) (21, 13) 
Distance of (4, 8) from origin is 23
Path: (4, 8) (4, 9) (5, 9) (6, 9) (7, 9) (7, 10) (7, 11) (7, 12) (8, 12) (9, 12) (10, 12) (11, 12) (12, 12) (13, 12) (14, 12) (15, 12) (16, 12) (17, 12) (18, 12) (19, 12) (20, 12) (21, 12) (21, 13) 
Distance of (7, 8) from origin is 20
Path: (7, 8) (7, 9) (7, 10) (7, 11) (7, 12) (8, 12) (9, 12) (10, 12) (11, 12) (12, 12) (13, 12) (14, 12) (15, 12) (16, 12) (17, 12) (18, 12) (19, 12) (20, 12) (21, 12) (21, 13) 
Distance of (8, 8) from origin is 21
Path: (8, 8) (7, 8) (7, 9) (7, 10) (7, 11) (7, 12) (8, 12) (9, 12) (10, 12) (11, 12) (12, 12) (13, 12) (14, 12) (15, 12) (16, 12) (17, 12) (18, 12) (19, 12) (20, 12) (21, 12) (21, 13) 
Distance of (9, 8) from origin is 22
Path: (9, 8) (8, 8) (7, 8) (7, 9) (7, 10) (7, 11) (7, 12) (8, 12) (9, 12) (10, 12) (11, 12) (12, 12) (13, 12) (14, 12) (15, 12) (16, 12) (17, 12) (18, 12) (19, 12) (20, 12) (21, 12) (21, 13) 
Distance of (10, 8) from origin is 23
Path: (10, 8) (9, 8) (8, 8) (7, 8) (7, 9) (7, 10) (7, 11) (7, 12) (8, 12) (9, 12) (10, 12) (11, 12) (12, 12) (13, 12) (14, 12) (15, 12) (16, 12) (17, 12) (18, 12) (19, 12) (20, 12) (21, 12) (21, 13) 
Distance of (20, 8) from origin is 13
Path: (20, 8) (20, 9) (19, 9) (18, 9) (17, 9) (17, 10) (17, 11) (17, 12) (18, 12) (19, 12) (20, 12) (21, 12) (21, 13) 
Distance of (21, 8) from origin is 14
Path: (21, 8) (20, 8) (20, 9) (19, 9) (18, 9) (17, 9) (17, 10) (17, 11) (17, 12) (18, 12) (19, 12) (20, 12) (21, 12) (21, 13) 
Distance of (2, 9) from origin is 24
Path: (2, 9) (3, 9) (4, 9) (5, 9) (6, 9) (7, 9) (7, 10) (7, 11) (7, 12) (8, 12) (9, 12) (10, 12) (11, 12) (12, 12) (13, 12) (14, 12) (15, 12) (16, 12) (17, 12) (18, 12) (19, 12) (20, 12) (21, 12) (21, 13) 
Distance of (3, 9) from origin is 23
Path: (3, 9) (4, 9) (5, 9) (6, 9) (7, 9) (7, 10) (7, 11) (7, 12) (8, 12) (9, 12) (10, 12) (11, 12) (12, 12) (13, 12) (14, 12) (15, 12) (16, 12) (17, 12) (18, 12) (19, 12) (20, 12) (21, 12) (21, 13) 
Distance of (4, 9) from origin is 22
Path: (4, 9) (5, 9) (6, 9) (7, 9) (7, 10) (7, 11) (7, 12) (8, 12) (9, 12) (10, 12) (11, 12) (12, 12) (13, 12) (14, 12) (15, 12) (16, 12) (17, 12) (18, 12) (19, 12) (20, 12) (21, 12) (21, 13) 
Distance of (5, 9) from origin is 21
Path: (5, 9) (6, 9) (7, 9) (7, 10) (7, 11) (7, 12) (8, 12) (9, 12) (10, 12) (11, 12) (12, 12) (13, 12) (14, 12) (15, 12) (16, 12) (17, 12) (18, 12) (19, 12) (20, 12) (21, 12) (21, 13) 
Distance of (6, 9) from origin is 20
Path: (6, 9) (7, 9) (7, 10) (7, 11) (7, 12) (8, 12) (9, 12) (10, 12) (11, 12) (12, 12) (13, 12) (14, 12) (15, 12) (16, 12) (17, 12) (18, 12) (19, 12) (20, 12) (21, 12) (21, 13) 
Distance of (7, 9) from origin is 19
Path: (7, 9) (7, 10) (7, 11) (7, 12) (8, 12) (9, 12) (10, 12) (11, 12) (12, 12) (13, 12) (14, 12) (15, 12) (16, 12) (17, 12) (18, 12) (19, 12) (20, 12) (21, 12) (21, 13) 
Distance of (15, 9) from origin is 11
Path: (15, 9) (16, 9) (17, 9) (17, 10) (17, 11) (17, 12) (18, 12) (19, 12) (20, 12) (21, 12) (21, 13) 
Distance of (16, 9) from origin is 10
Path: (16, 9) (17, 9) (17, 10) (17, 11) (17, 12) (18, 12) (19, 12) (20, 12) (21, 12) (21, 13) 
Distance of (17, 9) from origin is 9
Path: (17, 9) (17, 10) (17, 11) (17, 12) (18, 12) (19, 12) (20, 12) (21, 12) (21, 13) 
Distance of (18, 9) from origin is 10
Path: (18, 9) (17, 9) (17, 10) (17, 11) (17, 12) (18, 12) (19, 12) (20, 12) (21, 12) (21, 13) 
Distance of (19, 9) from origin is 11
Path: (19, 9) (18, 9) (17, 9) (17, 10) (17, 11) (17, 12) (18, 12) (19, 12) (20, 12) (21, 12) (21, 13) 
Distance of (20, 9) from origin is 12
Path: (20, 9) (19, 9) (18, 9) (17, 9) (17, 10) (17, 11) (17, 12) (18, 12) (19, 12) (20, 12) (21, 12) (21, 13) 
Distance of (2, 10) from origin is 23
Path: (2, 10) (3, 10) (4, 10) (5, 10) (6, 10) (7, 10) (7, 11) (7, 12) (8, 12) (9, 12) (10, 12) (11, 12) (12, 12) (13, 12) (14, 12) (15, 12) (16, 12) (17, 12) (18, 12) (19, 12) (20, 12) (21, 12) (21, 13) 
Distance of (3, 10) from origin is 22
Path: (3, 10) (4, 10) (5, 10) (6, 10) (7, 10) (7, 11) (7, 12) (8, 12) (9, 12) (10, 12) (11, 12) (12, 12) (13, 12) (14, 12) (15, 12) (16, 12) (17, 12) (18, 12) (19, 12) (20, 12) (21, 12) (21, 13) 
Distance of (4, 10) from origin is 21
Path: (4, 10) (5, 10) (6, 10) (7, 10) (7, 11) (7, 12) (8, 12) (9, 12) (10, 12) (11, 12) (12, 12) (13, 12) (14, 12) (15, 12) (16, 12) (17, 12) (18, 12) (19, 12) (20, 12) (21, 12) (21, 13) 
Distance of (5, 10) from origin is 20
Path: (5, 10) (6, 10) (7, 10) (7, 11) (7, 12) (8, 12) (9, 12) (10, 12) (11, 12) (12, 12) (13, 12) (14, 12) (15, 12) (16, 12) (17, 12) (18, 12) (19, 12) (20, 12) (21, 12) (21, 13) 
Distance of (6, 10) from origin is 19
Path: (6, 10) (7, 10) (7, 11) (7, 12) (8, 12) (9, 12) (10, 12) (11, 12) (12, 12) (13, 12) (14, 12) (15, 12) (16, 12) (17, 12) (18, 12) (19, 12) (20, 12) (21, 12) (21, 13) 
Distance of (7, 10) from origin is 18
Path: (7, 10) (7, 11) (7, 12) (8, 12) (9, 12) (10, 12) (11, 12) (12, 12) (13, 12) (14, 12) (15, 12) (16, 12) (17, 12) (18, 12) (19, 12) (20, 12) (21, 12) (21, 13) 
Distance of (8, 10) from origin is 19
Path: (8, 10) (7, 10) (7, 11) (7, 12) (8, 12) (9, 12) (10, 12) (11, 12) (12, 12) (13, 12) (14, 12) (15, 12) (16, 12) (17, 12) (18, 12) (19, 12) (20, 12) (21, 12) (21, 13) 
Distance of (9, 10) from origin is 20
Path: (9, 10) (8, 10) (7, 10) (7, 11) (7, 12) (8, 12) (9, 12) (10, 12) (11, 12) (12, 12) (13, 12) (14, 12) (15, 12) (16, 12) (17, 12) (18, 12) (19, 12) (20, 12) (21, 12) (21, 13) 
Distance of (10, 10) from origin is 21
Path: (10, 10) (9, 10) (8, 10) (7, 10) (7, 11) (7, 12) (8, 12) (9, 12) (10, 12) (11, 12) (12, 12) (13, 12) (14, 12) (15, 12) (16, 12) (17, 12) (18, 12) (19, 12) (20, 12) (21, 12) (21, 13) 
Distance of (11, 10) from origin is 22
Path: (11, 10) (10, 10) (9, 10) (8, 10) (7, 10) (7, 11) (7, 12) (8, 12) (9, 12) (10, 12) (11, 12) (12, 12) (13, 12) (14, 12) (15, 12) (16, 12) (17, 12) (18, 12) (19, 12) (20, 12) (21, 12) (21, 13) 
Distance of (17, 10) from origin is 8
Path: (17, 10) (17, 11) (17, 12) (18, 12) (19, 12) (20, 12) (21, 12) (21, 13) 
Distance of (18, 10) from origin is 9
Path: (18, 10) (17, 10) (17, 11) (17, 12) (18, 12) (19, 12) (20, 12) (21, 12) (21, 13) 
Distance of (2, 11) from origin is 22
Path: (2, 11) (3, 11) (4, 11) (5, 11) (6, 11) (7, 11) (7, 12) (8, 12) (9, 12) (10, 12) (11, 12) (12, 12) (13, 12) (14, 12) (15, 12) (16, 12) (17, 12) (18, 12) (19, 12) (20, 12) (21, 12) (21, 13) 
Distance of (3, 11) from origin is 21
Path: (3, 11) (4, 11) (5, 11) (6, 11) (7, 11) (7, 12) (8, 12) (9, 12) (10, 12) (11, 12) (12, 12) (13, 12) (14, 12) (15, 12) (16, 12) (17, 12) (18, 12) (19, 12) (20, 12) (21, 12) (21, 13) 
Distance of (4, 11) from origin is 20
Path: (4, 11) (5, 11) (6, 11) (7, 11) (7, 12) (8, 12) (9, 12) (10, 12) (11, 12) (12, 12) (13, 12) (14, 12) (15, 12) (16, 12) (17, 12) (18, 12) (19, 12) (20, 12) (21, 12) (21, 13) 
Distance of (5, 11) from origin is 19
Path: (5, 11) (6, 11) (7, 11) (7, 12) (8, 12) (9, 12) (10, 12) (11, 12) (12, 12) (13, 12) (14, 12) (15, 12) (16, 12) (17, 12) (18, 12) (19, 12) (20, 12) (21, 12) (21, 13) 
Distance of (6, 11) from origin is 18
Path: (6, 11) (7, 11) (7, 12) (8, 12) (9, 12) (10, 12) (11, 12) (12, 12) (13, 12) (14, 12) (15, 12) (16, 12) (17, 12) (18, 12) (19, 12) (20, 12) (21, 12) (21, 13) 
Distance of (7, 11) from origin is 17
Path: (7, 11) (7, 12) (8, 12) (9, 12) (10, 12) (11, 12) (12, 12) (13, 12) (14, 12) (15, 12) (16, 12) (17, 12) (18, 12) (19, 12) (20, 12) (21, 12) (21, 13) 
Distance of (13, 11) from origin is 11
Path: (13, 11) (14, 11) (15, 11) (15, 12) (16, 12) (17, 12) (18, 12) (19, 12) (20, 12) (21, 12) (21, 13) 
Distance of (14, 11) from origin is 10
Path: (14, 11) (15, 11) (15, 12) (16, 12) (17, 12) (18, 12) (19, 12) (20, 12) (21, 12) (21, 13) 
Distance of (15, 11) from origin is 9
Path: (15, 11) (15, 12) (16, 12) (17, 12) (18, 12) (19, 12) (20, 12) (21, 12) (21, 13) 
Distance of (17, 11) from origin is 7
Path: (17, 11) (17, 12) (18, 12) (19, 12) (20, 12) (21, 12) (21, 13) 
Distance of (20, 11) from origin is 4
Path: (20, 11) (21, 11) (21, 12) (21, 13) 
Distance of (21, 11) from origin is 3
Path: (21, 11) (21, 12) (21, 13) 
Distance of (7, 12) from origin is 16
Path: (7, 12) (8, 12) (9, 12) (10, 12) (11, 12) (12, 12) (13, 12) (14, 12) (15, 12) (16, 12) (17, 12) (18, 12) (19, 12) (20, 12) (21, 12) (21, 13) 
Distance of (8, 12) from origin is 15
Path: (8, 12) (9, 12) (10, 12) (11, 12) (12, 12) (13, 12) (14, 12) (15, 12) (16, 12) (17, 12) (18, 12) (19, 12) (20, 12) (21, 12) (21, 13) 
Distance of (9, 12) from origin is 14
Path: (9, 12) (10, 12) (11, 12) (12, 12) (13, 12) (14, 12) (15, 12) (16, 12) (17, 12) (18, 12) (19, 12) (20, 12) (21, 12) (21, 13) 
Distance of (10, 12) from origin is 13
Path: (10, 12) (11, 12) (12, 12) (13, 12) (14, 12) (15, 12) (16, 12) (17, 12) (18, 12) (19, 12) (20, 12) (21, 12) (21, 13) 
Distance of (11, 12) from origin is 12
Path: (11, 12) (12, 12) (13, 12) (14, 12) (15, 12) (16, 12) (17, 12) (18, 12) (19, 12) (20, 12) (21, 12) (21, 13) 
Distance of (12, 12) from origin is 11
Path: (12, 12) (13, 12) (14, 12) (15, 12) (16, 12) (17, 12) (18, 12) (19, 12) (20, 12) (21, 12) (21, 13) 
Distance of (13, 12) from origin is 10
Path: (13, 12) (14, 12) (15, 12) (16, 12) (17, 12) (18, 12) (19, 12) (20, 12) (21, 12) (21, 13) 
Distance of (14, 12) from origin is 9
Path: (14, 12) (15, 12) (16, 12) (17, 12) (18, 12) (19, 12) (20, 12) (21, 12) (21, 13) 
Distance of (15, 12) from origin is 8
Path: (15, 12) (16, 12) (17, 12) (18, 12) (19, 12) (20, 12) (21, 12) (21, 13) 
Distance of (16, 12) from origin is 7
Path: (16, 12) (17, 12) (18, 12) (19, 12) (20, 12) (21, 12) (21, 13) 
Distance of (17, 12) from origin is 6
Path: (17, 12) (18, 12) (19, 12) (20, 12) (21, 12) (21, 13) 
Distance of (18, 12) from origin is 5
Path: (18, 12) (19, 12) (20, 12) (21, 12) (21, 13) 
Distance of (19, 12) from origin is 4
Path: (19, 12) (20, 12) (21, 12) (21, 13) 
Distance of (20, 12) from origin is 3
Path: (20, 12) (21, 12) (21, 13) 
Distance of (21, 12) from origin is 2
Path: (21, 12) (21, 13) 
Distance of (9, 13) from origin is 13
Path: (9, 13) (10, 13) (11, 13) (12, 13) (13, 13) (14, 13) (15, 13) (16, 13) (17, 13) (18, 13) (19, 13) (20, 13) (21, 13) 
Distance of (10, 13) from origin is 12
Path: (10, 13) (11, 13) (12, 13) (13, 13) (14, 13) (15, 13) (16, 13) (17, 13) (18, 13) (19, 13) (20, 13) (21, 13) 
Distance of (11, 13) from origin is 11
Path: (11, 13) (12, 13) (13, 13) (14, 13) (15, 13) (16, 13) (17, 13) (18, 13) (19, 13) (20, 13) (21, 13) 
Distance of (12, 13) from origin is 10
Path: (12, 13) (13, 13) (14, 13) (15, 13) (16, 13) (17, 13) (18, 13) (19, 13) (20, 13) (21, 13) 
Distance of (13, 13) from origin is 9
Path: (13, 13) (14, 13) (15, 13) (16, 13) (17, 13) (18, 13) (19, 13) (20, 13) (21, 13) 
Distance of (14, 13) from origin is 8
Path: (14, 13) (15, 13) (16, 13) (17, 13) (18, 13) (19, 13) (20, 13) (21, 13) 
Distance of (15, 13) from origin is 7
Path: (15, 13) (16, 13) (17, 13) (18, 13) (19, 13) (20, 13) (21, 13) 
Distance of (16, 13) from origin is 6
Path: (16, 13) (17, 13) (18, 13) (19, 13) (20, 13) (21, 13) 
Distance of (17, 13) from origin is 5
Path: (17, 13) (18, 13) (19, 13) (20, 13) (21, 13) 
Distance of (18, 13) from origin is 4
Path: (18, 13) (19, 13) (20, 13) (21, 13) 
Distance of (19, 13) from origin is 3
Path: (19, 13) (20, 13) (21, 13) 
Distance of (20, 13) from origin is 2
Path: (20, 13) (21, 13) 
Distance of (21, 13) from origin is 1
Path: (21, 13) 
Distance of (21, 14) from origin is 0
Path: 
